<?xml version="1.0"?>
<opencv_storage>
<calibration_Time>"Wed 25 May 2016 05:52:18 PM CEST"</calibration_Time>
<nrOfFrames>25</nrOfFrames>
<image_Width>640</image_Width>
<image_Height>480</image_Height>
<board_Width>7</board_Width>
<board_Height>5</board_Height>
<square_Size>750.</square_Size>
<flagValue>0</flagValue>
<Camera_Matrix type_id="opencv-matrix">
  <rows>3</rows>
  <cols>3</cols>
  <dt>d</dt>
  <data>
    8.1277763959502772e+02 0. 3.1944843052900035e+02 0.
    8.1267554028015513e+02 2.4094866639173247e+02 0. 0. 1.</data></Camera_Matrix>
<Distortion_Coefficients type_id="opencv-matrix">
  <rows>5</rows>
  <cols>1</cols>
  <dt>d</dt>
  <data>
    -4.9020047811504430e-02 4.7552586263955537e-01
    7.7233037533844695e-05 -1.0157553123595535e-03
    -1.0513920821669791e+00</data></Distortion_Coefficients>
<Avg_Reprojection_Error>1.2454690325965735e-01</Avg_Reprojection_Error>
<Per_View_Reprojection_Errors type_id="opencv-matrix">
  <rows>25</rows>
  <cols>1</cols>
  <dt>f</dt>
  <data>
    9.33174789e-02 1.33743286e-01 1.05615281e-01 9.84322354e-02
    1.16388559e-01 1.19329087e-01 1.29674122e-01 9.78651270e-02
    1.12908266e-01 1.21756412e-01 1.27566069e-01 7.93587193e-02
    1.53618544e-01 1.22553699e-01 1.38957217e-01 1.94271401e-01
    1.45032257e-01 1.54447302e-01 1.25154510e-01 1.26400873e-01
    1.29591316e-01 1.23170547e-01 9.61824581e-02 1.14202835e-01
    9.78821367e-02</data></Per_View_Reprojection_Errors>
<Extrinsic_Parameters type_id="opencv-matrix">
  <rows>25</rows>
  <cols>6</cols>
  <dt>d</dt>
  <data>
    6.9123655510260062e-02 2.3619439689861796e-01 3.1033119948107020e+00
    2.4101633750898986e+03 1.3822348947958133e+03 1.0198565045842672e+04
    -4.2641431485597919e-01 1.0670449734073302e-01
    2.6436412019873567e-02 -2.1618198242924200e+03
    -1.4815627953359265e+03 9.8023006705917760e+03
    -1.5629112823417682e-01 -6.5600349197902053e-01
    -3.0347123411663399e+00 2.1281585584920581e+03
    1.2830092834299830e+03 8.0352054669493346e+03 3.8715696952672235e-01
    7.0914420698242456e-02 4.0732098449155147e-03
    -2.2633766487852504e+03 -1.1919368586423086e+03
    8.3919774250754144e+03 3.9178196606358434e-01 9.0877350891388764e-02
    -2.1887133638159254e-02 -2.2339512547491690e+03
    -1.1768739757639619e+03 8.2479592328749768e+03
    -1.0791909827001951e-01 4.2775171114856991e-01
    -1.2967166800669847e-02 -2.9889677929782697e+03
    -1.2821119095870981e+03 1.0844999336431565e+04
    -1.0892479338786354e-01 4.4783456819287443e-01
    -2.0954974250564300e-02 -2.7941359678133776e+03
    -1.3434826253660383e+03 1.0844200764474137e+04
    -3.5757344605803258e-02 3.7500680047101098e-01
    1.5990785428870420e+00 1.2925824337767442e+03
    -2.3990093008086492e+03 1.2232117031290481e+04
    2.0005806910679705e-01 5.3742384955882783e-01 1.7005889511311958e+00
    1.1720638160711903e+03 -2.2549984547793847e+03
    1.1123250167880093e+04 3.7280580206328401e-01
    -3.5555208052373327e-01 -1.6413988267125354e-01
    -2.0585056907821017e+03 -6.8995426482044252e+02
    9.3431142298147206e+03 4.0178910953527397e-01
    -3.4530595008176773e-01 -1.6617374136189983e-01
    -2.0351958130082796e+03 -9.8305949279523679e+02
    9.2434465529434165e+03 1.2231549298323123e-01
    -4.5466440170471972e-01 -1.5356161956859642e+00
    -1.9715293965964502e+03 1.8980039064238308e+03
    1.2337573316201653e+04 -2.3392411156091940e-02
    -2.9029742182799806e-01 -1.4751362405734760e+00
    6.8721449485466599e+02 1.8631802492939423e+03 1.2403461286284533e+04
    9.9629357453116102e-02 -5.7800605785218906e-01
    -1.4595592994068869e+00 -2.9062015455572405e+03
    1.9299369824209280e+03 1.1090771229613312e+04 6.4257088536465223e-01
    7.1442766336216301e-01 1.4970848576430325e+00 1.5412747626055927e+03
    -2.2433847203600671e+03 1.1176119036504282e+04
    -8.7849219312951832e-01 1.4820148777066244e-01
    -1.2819876805233049e-01 -2.4277448676207036e+03
    -7.7663659390799126e+02 1.0715682849708270e+04
    2.5932726556020091e-01 9.7746034054033759e-01 2.7972892725799712e+00
    1.9670133830478146e+03 8.0366905410447046e+01 9.4796900901261342e+03
    2.8827786224971186e-01 9.5470662510097959e-01 2.7562171942349853e+00
    2.1110989585976190e+03 1.7239687111920966e+02 9.6693014384329817e+03
    -3.1698700733237922e-01 -2.4012105402175347e-02
    -9.9147000726097126e-02 -2.4132412441594033e+03
    -1.8615213574412214e+03 1.1099739485757680e+04
    -3.6230878134364736e-01 -1.0593883317624600e-02
    -1.5937168767631874e-01 -2.3400301626226315e+03
    -1.3294272555636564e+03 1.1202027921165289e+04
    -3.3517107274714791e-01 -3.6633429512813315e-02
    -1.7959644319251708e-01 -2.6630017218441039e+03
    -1.5439382174349191e+03 1.1165503240001417e+04
    -2.4090487817468673e-01 -4.4268013471211072e-02
    -1.4150368880340567e+00 -3.8794804252887989e+03
    2.1410617687932659e+03 1.2861512788120155e+04
    -4.0774357404907502e-01 2.2233621835450587e-01
    -1.3584198699578842e+00 2.6018125080959912e+01
    1.4742356948000740e+03 1.3483039687988747e+04
    -3.6921441063889976e-01 1.1028160047630572e-01
    -1.3456505121792999e+00 -1.4030672577589792e+03
    1.8321839624577672e+03 1.3258348520557241e+04 3.8526378127949246e-01
    1.3009507800400302e-01 -2.0260205573540610e-01
    -1.8477984569080702e+03 -1.1572544827918009e+03
    1.1522276538173166e+04</data></Extrinsic_Parameters>
